==================================== TEMPO ====================================

Matriz x Vetor - Não Otimizado
64 0.369645
100 0.411341995
128 0.435196996
200 0.481996998
256 0.789063007
512 0.722718
600 0.868416995
900 1.49452101
1024 1.78146
2000 5.52108799
2048 5.756769
3000 13.158606
4000 20.245094

Matriz x Vetor - Otimizado
64 0.350258991
100 0.383229002
128 0.376616001
200 0.438676998
256 0.709876001
512 0.449158013
600 0.485923991
900 0.724571005
1024 0.939909995
2000 2.031802
2048 2.63953
3000 3.92644
4000 6.171544

Matriz x Matriz - Não Otimizado
64 0.678371996
100 1.708185
128 4.53021801
200 13.178543
256 45.752725
512 736.673505
600 1462.21019
900 7034.78011
1024 11038.6129
2000 92735.6514
2048 110217.727
3000 346445.189
4000 871389.908

Matriz x Matriz - Otimizado
64 0.435338005
100 0.780274004
128 1.567073
200 4.004017
256 7.453446
512 84.871952
600 116.946537
900 456.2674
1024 719.254459
2000 10561.7445
2048 10648.9807
3000 46328.8965
4000 151533.395
==============================================================================================

==================================== BANDA DE MEMÓRIA (L3) ===================================

Matriz x Vetor - Não Otimizado
64 9190.2848
100 7506.5009
128 6200.7188
200 6894.1045
256 2178.7301
512 6033.9095
600 5270.6546
900 4828.4558
1024 6204.7861
2000 5856.6637
2048 6395.6562
3000 5040.1728
4000 5701.6294

Matriz x Vetor - Otimizado
64 8597.8348
100 4471.1668
128 10080.2502
200 14259.5905
256 2882.786
512 10522.2471
600 9625.0434
900 7679.3518
1024 9893.3848
2000 7508.3243
2048 8243.9308
3000 10306.851
4000 8338.8962

Matriz x Matriz - Não Otimizado
64 483.0136
100 280.9544
128 551.5721
200 3967.2432
256 19051.8155
512 11189.1926
600 1222.5609
900 1104.2607
1024 5759.5685
2000 5625.9806
2048 5118.3994
3000 7636.6891
4000 8139.6442

Matriz x Matriz - Otimizado
64 1448.2408
100 972.711
128 1598.2612
200 1792.7473
256 2047.9803
512 11693.9681
600 6096.2451
900 12688.9024
1024 10655.6712
2000 7578.0958
2048 6489.8345
3000 4487.0485
4000 6356.9061
=====================================================================================

==================================== CACHE MISS L2 ==================================

Matriz x Vetor - Não Otimizado
64 0.2648
100 0.2762
128 0.3462
200 0.3525
256 0.361
512 0.291
600 0.2746
900 0.2744
1024 0.2614
2000 0.2729
2048 0.2632
3000 0.2175
4000 0.2241

Matriz x Vetor - Otimizado
64 0.246
100 0.3387
128 0.3017
200 0.3227
256 0.3239
512 0.3017
600 0.2919
900 0.3103
1024 0.279
2000 0.301
2048 0.3578
3000 0.3063
4000 0.3306

Matriz x Matriz - Não Otimizado
64 0.0221
100 0.1686
128 0.0824
200 0.3988
256 0.4898
512 0.3863
600 0.0863
900 0.0827
1024 0.3015
2000 0.3662
2048 0.3274
3000 0.3903
4000 0.3822

Matriz x Matriz - Otimizado
64 0.1482
100 0.2091
128 0.0743
200 0.1828
256 0.0894
512 0.4689
600 0.2008
900 0.4106
1024 0.3935
2000 0.3776
2048 0.4159
3000 0.3177
4000 0.3474
====================================================================================

==================================== ENERGY [J] ====================================

Matriz x Vetor - Não Otimizado
64 0.0
100 0.0
128 0.0
200 0.0
256 0.01
512 0.0101
600 0.011
900 0.0131
1024 0.0197
2000 0.0527
2048 0.0521
3000 0.1237
4000 0.2083

Matriz x Vetor - Otimizado
64 0.0099
100 0.0111
128 0.0
200 0.0
256 0.0088
512 0.0
600 0.0
900 0.013
1024 0.0104
2000 0.0227
2048 0.0227
3000 0.0473
4000 0.0708

Matriz x Matriz - Não Otimizado
64 0.0
100 0.0108
128 0.0617
200 0.1433
256 0.4884
512 7.2777
600 13.7475
900 63.427
1024 106.8374
2000 846.7812
2048 1095.673
3000 2925.435
4000 7079.846

Matriz x Matriz - Otimizado
64 0.0096
100 0.0
128 0.0131
200 0.061
256 0.0833
512 0.8283
600 1.1571
900 4.0591
1024 6.3049
2000 103.5202
2048 89.9665
3000 378.2274
4000 1268.389
=====================================================================================

==================================== FLOPS_DP =======================================

Matriz x Vetor - Não Otimizado
64 1514.765
100 1445.0734
128 1658.1488
200 1585.3576
256 1535.6811
512 1471.8779
600 1529.0001
900 1485.1637
1024 1612.201
2000 1512.5358
2048 1634.525
3000 3284.5064
4000 2286.9575

Matriz x Vetor - Otimizado
64 938.6781
100 1303.9855
128 1803.9167
200 1259.73
256 2907.6628
512 2841.862
600 2272.8553
900 2287.4341
1024 2622.4096
2000 2231.4231
2048 2618.3585
3000 2238.0245
4000 2886.0095

Matriz x Matriz - Não Otimizado
64 1547.7274
100 1695.2573
128 1556.5111
200 2957.1092
256 1968.2246
512 1694.6421
600 1683.3309
900 1548.1085
1024 1438.0642
2000 1656.835
2048 1660.1696
3000 1732.1325
4000 239774.9237

Matriz x Matriz - Otimizado
64 2985.8555
100 3418.3041
128 2733.4259
200 3156.3853
256 4704.6054
512 2029.5408
600 2090.6544
900 2011.5656
1024 1246.4404
2000 1377.7561
2048 1340.9585
3000 1282.3385
4000 0.0
=====================================================================================

==================================== FLOPS_AVX ======================================

Matriz x Vetor - Não Otimizado
64 0.0
100 0.0
128 0.0
200 0.0
256 0.0
512 0.0
600 0.0
900 0.0
1024 0.0
2000 0.0
2048 0.0
3000 0.0
4000 0.0

Matriz x Vetor - Otimizado
64 0.0
100 0.0
128 0.0
200 0.0
256 0.0
512 0.0
600 0.0
900 0.0
1024 0.0
2000 0.0
2048 0.0
3000 0.0
4000 0.0

Matriz x Matriz - Não Otimizado
64 0.0
100 0.0
128 0.0
200 0.0
256 0.0
512 0.0
600 0.0
900 0.0
1024 0.0
2000 0.0
2048 0.0
3000 0.0
4000 0.0

Matriz x Matriz - Otimizado
64 0.0
100 0.0
128 0.0
200 0.0
256 0.0
512 0.0
600 0.0
900 0.0
1024 0.0
2000 0.0
2048 0.0
3000 0.0
4000 0.0
=====================================================================================

